((("padding" .
   [1 0 0 0 0 0 0])
  ("font-size" .
   [0 0 0 1 0 0 0 0 0])
  ("../aggressive-indent.gif" .
   [0 0 0 1 0 0 0 0 0 0 0 0 0 0 0 0 0 0 0 0 0 0 0 0])
  ("../crouton" .
   [0 0 0 1 0 0 0 0 0 0])
  ("../intro/firstattempt.html" .
   [0 0 0 0 0 0 0 0 0 1 0 0 0 0 0 0 0 0 0 0 0 0 0 0 0 0])
  ("../intro/" .
   [0 0 0 0 0 0 0 1 0])
  ("../MenuAndDockless/" .
   [0 0 0 1 0 0 0 0 0 0 0 0 0 0 0 0 0 0 0])
  ("href" .
   [0 1 0 2])
  ("sayName" .
   [0 1 0 0 0 0 0])
  ("class" .
   [0 0 4 0 1])
  ("penguin" .
   [1 0 1 0 0 0 0])
  ("DocumentCSS" .
   [0 0 0 2 0 0 0 0 0 0 0])
  ("document" .
   [4 2 1 0 0 0 0 0])
  ("create" .
   [0 0 0 1 0 0])
  ("for" .
   [5 3 0])
  ("return" .
   [0 0 0 1 0 0])
  ("auto" .
   [4 0 0 2])
  ("list-item" .
   [1 0 0 0 0 0 0 0 0])
  ("above" .
   [0 0 0 0 1])
  ("div" .
   [0 0 1])
  ("rgb" .
   [2 0 1])
  ("style" .
   [1 0 0 0 1])
  ("red" .
   [0 0 2])
  ("gasp" .
   [0 0 1 0])
  ("../vim.rb" .
   [0 0 0 1 0 0 0 0 0])
  ("left" .
   [1 0 0 0])
  ("../MouseTerm-1.0b1.dmg" .
   [0 0 0 1 0 0 0 0 0 0 0 0 0 0 0 0 0 0 0 0 0 0])
  ("academia.js" .
   [0 0 1 1 0 0 0 0 0 0 0])
  ("html" .
   [0 0 1 1])
  ("../misc/" .
   [0 0 0 0 0 0 1 0])
  ("../misc/plugin/" .
   [0 0 0 0 0 0 0 0 1 0 0 0 0 0 0])
  ("id" .
   [0 1])
  ("greatly" .
   [0 0 0 2 0 0 1])
  ("margin" .
   [0 0 1 1 0 2])
  ("new" .
   [0 0 1])
  ("f" .
   [1])
  ("lime" .
   [1 0 0 0])))
